1.810858 1
2.246972 2
2.285372 3
2.405365 4
2.485293 5
2.489365 6
2.50821 7
2.56446 8
2.635605 9
2.64571 10
2.66446 11
2.741365 12
2.747793 13
2.766543 14
2.785293 15
2.849365 16
2.866543 17
2.872793 18
2.885293 19
2.891543 20
2.897793 21
2.916543 22
2.929043 23
2.935293 24
2.941543 25
2.97696 26
2.98946 27
2.99571 28
3.00196 29
3.02071 30
3.02696 31
3.03321 32
3.062377 33
3.076956 34
3.17696 35
3.18321 36
3.18946 37
3.20196 38
3.20821 39
3.21446 40
3.237377 41
3.260293 42
3.28321 43
3.306127 44
3.335293 45
3.341365 46
3.354043 47
3.372793 48
3.391543 49
3.397793 50
3.404043 51
3.416543 52
3.429043 53
3.435293 54
3.47071 55
3.518627 56
3.57071 57
3.606127 58
3.612377 59
3.729043 60
3.741543 61
3.754043 62
3.760293 63
3.829043 64
3.835293 65
3.897793 66
3.904043 67
3.92696 68
3.953365 69
3.966543 70
3.98946 71
4.085365 72
4.106127 73
4.112377 74
4.124877 75
4.256127 76
4.279043 77
4.285293 78
4.297793 79
4.32696 80
4.366543 81
4.371079 82
4.445319 83
4.472199 84
4.493627 85
4.516543 86
4.541365 87
4.579043 88
4.647793 89
4.649365 90
4.687377 91
4.743627 92
4.766543 93
4.79571 94
4.80196 95
4.81446 96
4.83321 97
4.85196 98
4.85821 99
4.86298 100
4.86446 101
4.87696 102
4.90266 103
4.918627 104
4.924877 105
4.931127 106
4.943627 107
4.949365 108
4.949877 109
4.956127 110
4.974877 111
5.009365 112
5.02071 113
5.049877 114
5.09571 115
5.10196 116
5.10821 117
5.141365 118
5.143627 119
5.149877 120
5.162377 121
5.168627 122
5.174877 123
5.187377 124
5.189365 125
5.193627 126
5.199877 127
5.212377 128
5.218627 129
5.247793 130
5.254043 131
5.260293 132
5.261365 133
5.272793 134
5.279043 135
5.316374 136
5.324877 137
5.331127 138
5.349877 139
5.368627 140
5.368854 141
5.374877 142
5.381127 143
5.512377 144
5.521174 145
5.535293 146
5.587377 147
5.610293 148
5.63321 149
5.64571 150
5.65196 151
5.65821 152
5.67071 153
5.68946 154
5.70821 155
5.72696 156
5.74571 157
5.75821 158
5.76446 159
5.77071 160
5.818627 161
5.831127 162
5.837377 163
5.843627 164
5.869615 165
6.045522 166
6.085105 167
6.133022 168
6.145522 169
6.151772 170
6.158022 171
6.176772 172
6.189272 173
6.195522 174
6.201772 175
6.237188 176
6.249688 177
6.272605 178
6.291355 179
6.297605 180
6.303855 181
6.316355 182
6.45479 183
6.46104 184
6.496457 185
6.544374 186
6.565615 187
6.706605 188
6.746188 189
6.769105 190
6.814938 191
6.833688 192
6.944105 193
6.962855 194
6.975355 195
7.044105 196
7.067022 197
7.073272 198
7.289365 199
7.312855 200
7.319105 201
7.350947 202
7.364938 203
7.382947 204
7.450355 205
7.462855 206
7.469105 207
7.475355 208
7.487855 209
7.494105 210
7.500355 211
7.564085 212
7.598272 213
7.604522 214
7.639938 215
7.662855 216
7.760772 217
7.767022 218
7.779522 219
7.792022 220
7.793029 221
7.798272 222
7.821188 223
7.873272 224
7.895302 225
7.908688 226
7.914938 227
7.921188 228
7.925365 229
7.950355 230
7.973272 231
7.973365 232
7.979522 233
8.045365 234
8.048272 235
8.077438 236
8.096188 237
8.102438 238
8.108688 239
8.121188 240
8.133688 241
8.139938 242
8.146188 243
8.181605 244
8.200355 245
8.203047 246
8.206605 247
8.212855 248
8.224807 249
8.225355 250
8.231605 251
8.237855 252
8.250407 253
8.354522 254
8.400355 255
8.414284 256
8.423272 257
8.429522 258
8.435772 259
8.448272 260
8.467022 261
8.473272 262
8.479522 263
8.492022 264
8.525365 265
8.560772 266
8.583688 267
8.589938 268
8.646286 269
8.654522 270
8.660772 271
8.673272 272
8.679522 273
8.685772 274
8.760772 275
8.796188 276
8.802438 277
8.808688 278
8.821188 279
8.839938 280
8.875355 281
8.894105 282
8.968633 283
8.977438 284
8.983688 285
8.989938 286
9.035772 287
9.114938 288
9.167022 289
