2.108732 1
2.199612 2
2.331452 3
2.367605 4
2.571605 5
2.610005 6
2.787605 7
2.837377 8
2.938716 9
2.96446 10
2.977116 11
3.005276 12
3.043676 13
3.056127 14
3.132041 15
3.180681 16
3.509428 17
3.627925 18
3.799338 19
3.799877 20
4.006127 21
4.237959 22
4.314759 23
4.419719 24
4.44571 25
4.590564 26
4.618627 27
4.641543 28
4.7145 29
4.72071 30
4.74266 31
4.76698 32
4.7913 33
4.81946 34
4.84378 35
4.88346 36
4.991543 37
5.043627 38
5.057685 39
5.119169 40
5.340694 41
5.403414 42
5.404043 43
5.443627 44
5.449494 45
5.466543 46
5.487894 47
5.55821 48
5.581127 49
5.953855 50
6.219605 51
6.224688 52
6.637855 53
6.660772 54
6.802438 55
6.89492 56
7.014938 57
7.07796 58
7.225845 59
7.421188 60
7.438454 61
7.444105 62
7.479605 63
7.518005 64
7.542325 65
7.606149 66
7.633688 67
7.634309 68
7.658629 69
7.682949 70
7.711109 71
7.735429 72
7.749509 73
7.773829 74
7.807109 75
7.828869 76
7.860772 77
7.867142 78
7.881222 79
7.889938 80
8.000728 81
8.014808 82
8.019105 83
8.071188 84
8.073767 85
8.098087 86
8.112167 87
8.136487 88
8.150567 89
8.174887 90
8.175355 91
8.188967 92
8.260772 93
8.284507 94
8.333644 95
8.342022 96
8.357964 97
8.386124 98
8.446284 99
8.474444 100
8.508688 101
8.531605 102
8.578446 103
8.616846 104
8.718399 105
8.783688 106
8.806305 107
8.856605 108
8.875482 109
