1.258525 0.249643
1.270525 0.297018
1.282525 0.319393
1.294525 0.341768
1.306525 0.339143
1.318525 0.386518
1.330525 0.408893
1.342525 0.406268
1.354525 0.453643
1.366525 0.476018
1.378525 0.498393
1.390525 0.495768
1.402525 0.493143
1.414525 0.515518
1.426525 0.562893
1.438525 0.585268
1.450525 0.607643
1.462525 0.630018
1.474525 0.677393
1.486525 0.699768
1.498525 0.697143
1.510525 0.694518
1.522525 0.691893
1.534525 0.689268
1.546525 0.686643
1.558525 0.684018
1.570525 0.681393
1.582525 0.678768
1.594525 0.676143
1.606525 0.673518
1.618525 0.670893
1.630525 0.668268
1.642525 0.665643
1.654525 0.663018
1.666525 0.660393
1.678525 0.657768
1.690525 0.655143
1.702525 0.677518
1.714525 0.724893
1.726525 0.747268
1.738525 0.794643
1.750525 0.817018
1.762525 0.839393
1.774525 0.836768
1.798525 0.822143
1.810525 0.819518
1.822525 0.816893
1.834525 0.814268
1.846525 0.811643
1.858525 0.809018
1.870525 0.806393
1.882525 0.803768
1.894525 0.801143
1.906525 0.798518
1.918525 0.795893
1.930525 0.793268
1.942525 0.790643
1.954525 0.788018
1.966525 0.785393
1.978525 0.782768
1.990525 0.780143
2.002525 0.777518
2.014525 0.774893
2.026525 0.772268
2.038525 0.769643
2.050525 0.767018
2.062525 0.789393
2.074525 0.836768
2.086525 0.834143
2.098525 0.881518
2.110525 0.903893
2.122525 0.951268
2.134525 0.973643
2.146525 0.971018
2.158525 0.968393
2.170525 0.965768
2.182525 0.963143
2.254525 1.075518
2.266525 1.072893
2.278525 1.070268
2.290525 1.067643
2.314525 1.053018
2.326525 1.050393
2.350525 1.035768
2.362525 1.058143
2.374525 1.080518
2.386525 1.077893
2.410525 1.063268
2.422525 1.060643
2.434525 1.058018
2.458525 1.043393
2.470525 1.040768
2.506525 1.014143
2.518525 1.011518
2.542525 0.996893
2.554525 0.994268
2.566525 1.016643
2.578525 1.014018
2.614525 1.012393
2.674525 0.961768
2.686525 0.959143
2.710525 0.944518
2.770525 0.893893
2.782525 0.891268
2.806525 0.876643
2.866525 0.826018
2.878525 0.823393
2.926525 0.784768
2.950525 0.795143
2.962525 0.817518
2.974525 0.839893
2.986525 0.862268
3.034525 0.848643
3.142525 0.875018
3.166525 0.860393
3.178525 0.857768
3.202525 0.843143
3.214525 0.840518
3.238525 0.825893
3.250525 0.823268
3.298525 0.784643
3.322525 0.770018
3.370525 0.756393
3.382525 0.753768
3.406525 0.739143
3.418525 0.736518
3.430525 0.758893
3.442525 0.756268
3.466525 0.741643
3.478525 0.764018
3.502525 0.799393
3.514525 0.796768
3.550525 0.820143
3.562525 0.817518
3.574525 0.814893
3.586525 0.812268
3.598525 0.859643
3.610525 0.857018
3.622525 0.854393
3.646525 0.839768
3.670525 0.825143
3.706525 0.823518
3.718525 0.845893
3.754525 0.844268
3.826525 0.956643
3.838525 0.979018
3.850525 0.976393
3.862525 0.973768
3.874525 0.971143
3.886525 0.993518
3.898525 0.990893
3.934525 0.964268
3.970525 0.937643
3.982525 0.985018
3.994525 1.007393
4.006525 1.054768
4.054525 1.066143
4.090525 1.039518
4.126525 1.112893
4.138525 1.160268
4.150525 1.157643
4.162525 1.180018
4.174525 1.177393
4.186525 1.174768
4.222525 1.198143
4.246525 1.258518
4.258525 1.255893
4.330525 1.343268
4.378525 1.304643
4.402525 1.290018
4.414525 1.287393
4.438525 1.272768
4.462525 1.258143
4.510525 1.219518
4.546525 1.192893
4.558525 1.190268
4.570525 1.212643
4.618525 1.174018
4.678525 1.123393
4.690525 1.120768
4.714525 1.106143
4.738525 1.116518
4.762525 1.126893
4.810525 1.113268
4.822525 1.110643
4.870525 1.097018
4.930525 1.046393
4.990525 0.995768
5.038525 0.982143
5.086525 0.943518
5.122525 0.941893
5.170525 0.928268
5.194525 0.913643
5.218525 0.899018
5.230525 0.896393
5.290525 0.845768
5.314525 0.856143
5.326525 0.853518
5.350525 0.888893
5.386525 0.887268
5.398525 0.884643
5.446525 0.896018
5.506525 0.845393
5.530525 0.830768
5.542525 0.828143
5.566525 0.813518
5.578525 0.810893
5.602525 0.796268
5.614525 0.793643
5.638525 0.779018
5.650525 0.776393
5.674525 0.761768
5.722525 0.723143
5.734525 0.745518
5.746525 0.742893
5.758525 0.740268
5.782525 0.725643
5.830525 0.687018
5.842525 0.684393
5.866525 0.669768
5.878525 0.667143
5.890525 0.714518
5.902525 0.711893
5.914525 0.759268
5.926525 0.781643
5.962525 0.855018
5.974525 0.852393
5.986525 0.849768
5.998525 0.847143
6.022525 0.832518
6.070525 0.793893
6.082525 0.791268
6.106525 0.776643
6.154525 0.738018
6.166525 0.735393
6.190525 0.720768
6.226525 0.719143
6.238525 0.716518
6.286525 0.677893
6.310525 0.688268
6.322525 0.710643
6.334525 0.758018
6.346525 0.755393
6.358525 0.752768
6.370525 0.750143
6.382525 0.747518
6.394525 0.744893
6.406525 0.742268
6.442525 0.740643
6.454525 0.738018
6.478525 0.748393
6.490525 0.745768
6.502525 0.743143
6.514525 0.740518
6.538525 0.725893
6.562525 0.711268
6.574525 0.758643
6.586525 0.756018
6.598525 0.778393
6.646525 0.864768
6.670525 0.850143
6.682525 0.847518
6.706525 0.832893
6.718525 0.830268
6.730525 0.852643
6.742525 0.875018
6.754525 0.922393
6.766525 0.919768
6.790525 0.905143
6.802525 0.902518
6.826525 0.887893
6.850525 0.898268
6.862525 0.920643
6.910525 0.932018
6.922525 0.979393
6.934525 1.001768
6.946525 1.049143
6.958525 1.071518
6.970525 1.118893
6.982525 1.141268
6.994525 1.163643
7.030525 1.162018
7.054525 1.222393
7.066525 1.219768
7.090525 1.205143
7.138525 1.166518
7.186525 1.127893
7.198525 1.125268
7.210525 1.147643
7.222525 1.170018
7.258525 1.193393
7.270525 1.190768
7.318525 1.227143
7.342525 1.262518
7.354525 1.259893
7.378525 1.245268
7.414525 1.218643
7.438525 1.204018
7.486525 1.215393
7.498525 1.212768
7.522525 1.198143
7.546525 1.183518
7.594525 1.144893
7.642525 1.181268
7.654525 1.178643
7.678525 1.189018
7.702525 1.174393
7.714525 1.171768
7.774525 1.121143
7.798525 1.106518
7.846525 1.067893
7.858525 1.065268
7.894525 1.038643
7.906525 1.036018
7.978525 0.973393
8.026525 0.934768
8.050525 0.920143
8.062525 0.942518
8.074525 0.939893
8.086525 0.962268
8.098525 0.959643
8.110525 0.957018
8.146525 0.980393
8.230525 0.930768
8.254525 0.916143
8.266525 0.913518
8.314525 0.874893
8.338525 0.860268
8.350525 0.857643
8.410525 0.882018
8.422525 0.879393
8.434525 0.901768
8.446525 0.899143
8.482525 0.872518
8.542525 0.821893
8.554525 0.844268
8.566525 0.841643
8.590525 0.877018
8.602525 0.874393
8.662525 0.823768
8.686525 0.809143
8.698525 0.806518
8.722525 0.791893
8.734525 0.789268
8.758525 0.774643
8.770525 0.772018
8.794525 0.757393
8.806525 0.754768
8.818525 0.777143
8.830525 0.774518
8.842525 0.771893
8.854525 0.794268
8.866525 0.791643
8.914525 0.778018
8.950525 0.851393
8.974525 0.886768
8.986525 0.909143
