1.165887 0.060917
1.173887 0.077917
1.181887 0.094917
1.189887 0.111917
1.197887 0.128917
1.205887 0.145917
1.213887 0.162917
1.221887 0.179917
1.229887 0.196917
1.237887 0.213917
1.245887 0.230917
1.253887 0.247917
1.261887 0.274292
1.269887 0.291292
1.277887 0.317667
1.285887 0.344042
1.308460 0.365219
1.316460 0.382219
1.324460 0.408594
1.345639 0.431165
1.353639 0.448165
1.361639 0.474540
1.369639 0.500915
1.406763 0.516916
1.414763 0.543291
1.422763 0.560291
1.430763 0.586666
1.438763 0.613041
1.458381 0.627798
1.466381 0.654173
1.474381 0.671173
1.482381 0.697548
1.695218 0.678461
1.703218 0.704836
1.711218 0.721836
1.719218 0.748211
1.727218 0.774586
1.735218 0.791586
1.743218 0.817961
1.754809 0.840745
2.057092 0.788462
2.065092 0.814837
2.073092 0.831837
2.089092 0.859587
2.097092 0.876587
2.105092 0.902962
2.113092 0.929337
2.121092 0.946337
2.129092 0.972712
2.203623 0.970056
2.211623 0.987056
2.219623 1.004056
2.227623 1.021056
2.235623 1.038056
2.243623 1.055056
2.251623 1.072056
2.360959 1.053345
2.368959 1.079720
2.563141 1.013663
2.587141 1.033413
2.941476 0.797828
2.957476 0.816203
2.973476 0.834578
2.981476 0.860953
2.997476 0.879328
3.090641 0.820538
3.098641 0.837538
3.114641 0.846538
3.122641 0.863538
3.130641 0.880538
3.363564 0.756990
3.420223 0.762831
3.471868 0.764311
3.479868 0.790686
3.495868 0.799686
3.539866 0.799438
3.547866 0.816438
3.589011 0.837793
3.597011 0.854793
3.701135 0.822544
3.717135 0.840919
3.747698 0.844731
3.755698 0.871106
3.763698 0.888106
3.786303 0.890501
3.794303 0.907501
3.802303 0.924501
3.810303 0.941501
3.826303 0.950501
3.834303 0.976876
3.881947 0.991732
3.974294 0.961885
3.982294 0.978885
3.990294 1.005260
3.998294 1.031635
4.006294 1.048635
4.014294 1.075010
4.022294 1.092010
4.097999 1.060055
4.105999 1.077055
4.113999 1.094055
4.121999 1.111055
4.129999 1.137430
4.137999 1.154430
4.153999 1.182180
4.202421 1.186883
4.218421 1.195883
4.226421 1.222258
4.234421 1.239258
4.242421 1.256258
4.274421 1.268008
4.282421 1.285008
4.290421 1.302008
4.306421 1.311008
4.314421 1.328008
4.330421 1.337008
4.560981 1.215823
4.725260 1.123419
4.757260 1.125794
4.773260 1.144169
4.838289 1.122890
5.028019 0.986285
5.113929 0.944125
5.146284 0.946145
5.307294 0.857010
5.339294 0.868760
5.347294 0.885760
5.363294 0.904135
5.415480 0.895699
5.431480 0.904699
5.730109 0.743570
5.881738 0.691941
5.889738 0.708941
5.905738 0.736691
5.913738 0.753691
5.921738 0.780066
5.929738 0.806441
5.940825 0.820354
5.948825 0.837354
5.956825 0.854354
6.213274 0.726030
6.310384 0.682045
6.318384 0.708420
6.326384 0.734795
6.334384 0.751795
6.431365 0.745439
6.467545 0.753009
6.564613 0.737191
6.572613 0.754191
6.596613 0.773941
6.604613 0.800316
6.612613 0.817316
6.620613 0.834316
6.628613 0.851316
6.636613 0.868316
6.727727 0.849077
6.735727 0.875452
6.743727 0.901827
6.751727 0.918827
6.843280 0.899149
6.859280 0.917524
6.875280 0.935899
6.902537 0.933642
6.913740 0.956814
6.921740 0.973814
6.929740 1.000189
6.937740 1.026564
6.945740 1.043564
6.953740 1.069939
6.961740 1.096314
6.969740 1.113314
6.977740 1.139689
6.985740 1.166064
7.027003 1.159176
7.035003 1.185551
7.043003 1.202551
7.051003 1.219551
7.202268 1.149536
7.218268 1.167911
7.226268 1.194286
7.234268 1.211286
7.299627 1.189677
7.307627 1.206677
7.315627 1.223677
7.333586 1.240093
7.341586 1.257093
7.473670 1.196884
7.481670 1.213884
7.600909 1.166520
7.616909 1.175520
7.632909 1.184520
7.664909 1.196270
8.062447 0.936232
8.086447 0.955982
8.134447 0.961107
8.142447 0.978107
8.177651 0.977278
8.360404 0.875775
8.368404 0.892775
8.406743 0.879436
8.422743 0.907186
8.551126 0.841303
8.567126 0.869053
8.575126 0.886053
8.811145 0.778159
8.848162 0.794267
8.913153 0.773026
8.921153 0.799401
8.929153 0.816401
8.937153 0.833401
8.945153 0.850401
8.960692 0.869237
8.968692 0.886237
8.976692 0.912612
