0	0	0	0	0	0	0	0	0
0	0	0	0	0	0	0	0	0
0	0	0	0	0	0	0	0	0
0	0	0	0	0	0	0	0	0
0	0	0	0	0	0	0	0	0
0	0	0	0	0	0	0	0	0
0	0	0	0	0	0	0	0	0
0	0	0	0	0	0	0	0	0
0	0	0	0	0	0	0	0	0
0	0	0	0	0	0	0	0	0
0	0	0	0	0	0	0	0	0
0	0	0	0	0	0	0	0	0
0	0	0	0	0	0	0	0	0
0	0	0	0	0	0	0	0	0
0	0	0	0	0	0	0	0	0
0	0	0	0	0	0	0	0	0
0	0	0	0	0	0	0	0	0
0	0	0	0	0	0	0	0	0
0	0	0	0	0	0	0	0	0
0	0	0	0	0	0	0	0	0
0	0	0	0	0	0	0	0	0
0	0	0	0	0	0	0	0	0
0	0	0	0	0	0	0	0	0
0	0	0	0	0	0	0	0	0
0	0	0	0	0	0	0	0	0
0	0	0	0	0	0	0	0	0
0	0	0	0	0	0	0	0	0
0	0	0	0	0	0	0	0	0
0	0	0	0	0	0	0	0	0
0	0	0	0	0	0	0	0	0
0	0	0	0	0	0	0	0	0
0	0	0	0	0	0	0	0	0
0	0	0	0	0	0	0	0	0
0	0	0	0	0	0	0	0	0
0	0	0	0	0	0	0	0	0
0	0	0	0	0	0	0	0	0
0	0	0	0	0	0	0	0	0
0	0	0	0	0	0	0	0	0
0	0	0	0	0	0	0	0	0
0	0	0	0	0	0	0	0	0
0	0	0	0	0	0	0	0	0
0	0	0	0	0	0	0	0	0
0	0	0	0	0	0	0	0	0
0	0	0	0	0	0	0	0	0
0	0	0	0	0	0	0	0	0
0	0	0	0	0	0	0	0	0
0	0	0	0	0	0	0	0	0
0	0	0	0	0	0	0	0	0
0	0	0	0	0	0	0	0	0
0	0	0	0	0	0	0	0	0
0	0	0	0	0	0	0	0	0
0	0	0	0	0	0	0	0	0
0	0	0	0	0	0	0	0	0
0	0	0	0	0	0	0	0	0
0	0	0	0	0	0	0	0	0
0	0	0	0	0	0	0	0	0
0	0	0	0	0	0	0	0	0
0	0	0	0	0	0	0	0	0
0	0	0	0	0	0	0	0	0
0	0	0	0	0	0	0	0	0
0	0	0	0	0	0	0	0	0
0	0	0	0	0	0	0	0	0
0	0	0	0	0	0	0	0	0
0	0	0	0	0	0	0	0	0
0	0	0	0	0	0	0	0	0
0	0	0	0	0	0	0	0	0
0	0	0	0	0	0	0	0	0
0	0	0	0	0	0	0	0	0
0	0	0	0	0	0	0	0	0
0	0	0	0	0	0	0	0	0
0	0	0	0	0	0	0	0	0
0	0	0	0	0	0	0	0	0
0	0	0	0	0	0	0	0	0
0	0	0	0	0	0	0	0	0
0	0	0	0	0	0	0	0	0
0	0	0	0	0	0	0	0	0
0	0	0	0	0	0	0	0	0
0	0	0	0	0	0	0	0	0
0	0	0	0	0	0	0	0	0
0	0	0	0	0	0	0	0	0
0	0	0	0	0	0	0	0	0
0	0	0	0	0	0	0	0	0
0	0	0	0	0	0	0	0	0
0	0	0	0	0	0	0	0	0
0	0	0	0	0	0	0	0	0
0	0	0	0	0	0	0	0	0
0	0	0	0	0	0	0	0	0
0	0	0	0	0	0	0	0	0
0	0	0	0	0	0	0	0	0
0	0	0	0	0	0	0	0	0
0	0	0	0	0	0	0	0	0
0	0	0	0	0	0	0	0	0
0	0	0	0	0	0	0	0	0
0	0	0	0	0	0	0	0	0
0	0	0	0	0	0	0	0	0
0	0	0	0	0	0	0	0	0
0	0	0	0	0	0	0	0	0
0	0	0	0	0	0	0	0	0
0	0	0	0	0	0	0	0	0
0	0	0	0	0	0	0	0	0
0	0	0	0	0	0	0	0	0
0	0	0	0	0	0	0	0	0
0	0	0	0	0	0	0	0	0
0	0	0	0	0	0	0	0	0
0	0	105	105	105	105	105	105	105
0	0	105	105	105	105	105	105	105
0	0	105	105	105	105	105	105	105
0	0	105	105	105	105	105	105	105
0	0	105	105	105	105	105	105	105
0	0	105	105	105	110	110	110	110
0	0	105	105	105	110	110	110	110
0	0	105	105	105	110	110	110	110
0	0	105	105	105	110	110	110	110
0	0	105	105	105	110	110	110	110
0	0	105	105	105	110	115	115	115
0	0	105	105	105	110	115	115	115
0	0	105	105	105	110	115	115	115
0	0	105	105	105	110	115	115	115
0	0	105	105	105	110	115	115	115
0	0	105	105	105	110	115	115	115
0	0	105	105	105	110	115	115	115
0	0	105	105	105	110	115	115	115
0	0	105	105	105	110	115	115	115
0	0	105	105	105	110	115	115	115
0	0	105	105	105	110	115	115	115
0	0	105	105	105	110	115	115	115
0	0	105	105	105	110	115	115	115
0	0	105	105	105	110	115	115	115
0	0	105	105	105	110	115	115	115
0	0	105	105	105	110	115	115	115
0	0	105	105	105	110	115	115	115
0	0	105	105	105	110	115	115	115
0	0	105	105	105	110	115	115	115
0	0	105	105	105	110	115	115	115
0	0	105	105	105	110	115	115	115
0	0	105	105	105	110	115	115	115
0	0	105	105	105	110	115	115	115
0	0	105	105	105	110	115	115	115
0	0	105	105	105	110	115	115	115
0	0	105	105	105	110	115	115	115
0	0	105	105	105	110	115	115	115
0	0	105	105	105	110	115	115	115
0	0	105	105	105	110	115	115	115
0	0	105	105	105	110	115	115	115
145	145	145	145	145	145	145	145	145
145	145	145	145	145	145	145	145	145
145	145	145	145	145	145	145	145	145
145	145	145	145	145	145	145	145	145
145	145	145	145	145	145	145	145	145
145	145	145	145	145	145	145	145	145
145	145	145	145	145	145	145	145	145
145	145	145	145	145	145	145	145	145
145	145	145	145	145	145	145	145	145
145	145	145	145	145	145	145	145	145
145	145	145	145	145	145	145	145	145
145	145	145	145	145	145	145	145	145
145	145	145	145	145	145	145	145	145
145	145	145	145	145	145	145	145	145
145	145	145	145	145	145	145	145	145
145	160	160	160	160	160	160	160	160
145	160	160	160	160	160	160	160	160
145	160	160	160	160	160	160	160	160
145	160	160	160	160	160	160	160	160
145	160	160	160	160	160	160	160	160
145	160	160	165	165	165	165	165	165
145	160	160	165	165	165	165	165	165
145	160	160	165	165	165	165	165	165
145	160	160	165	165	165	165	165	165
145	160	160	165	165	165	165	165	165
145	160	160	165	165	165	165	165	165
145	160	160	165	165	165	165	165	165
145	160	160	165	165	165	165	165	165
145	160	160	165	165	165	165	165	165
145	160	160	165	165	165	165	165	165
145	160	160	165	165	165	165	165	165
145	160	160	165	165	165	165	165	165
145	160	160	165	165	165	165	165	165
145	160	160	165	165	165	165	165	165
145	160	160	165	165	165	165	165	165
145	160	160	165	165	165	165	165	165
145	160	160	165	165	165	165	165	165
145	160	160	165	165	165	165	165	165
145	160	160	165	165	165	165	165	165
145	160	160	165	165	165	165	165	165
145	160	160	165	165	165	165	165	165
145	160	160	165	165	165	165	165	165
145	160	160	165	165	165	165	165	165
145	160	160	165	165	165	165	165	165
145	160	160	165	165	165	165	165	165
145	160	160	165	165	165	165	165	165
145	160	160	165	165	165	165	165	165
145	160	160	165	165	165	165	165	165
145	160	160	165	165	165	165	165	165
145	160	160	165	165	165	165	165	165
145	160	160	165	165	165	165	165	165
145	160	160	165	165	165	165	165	165
145	160	160	165	165	165	165	165	165
145	160	160	165	165	165	165	165	165
145	160	160	165	165	165	165	165	165
145	160	160	165	165	165	165	165	165
145	160	160	165	165	165	165	165	165
145	160	160	165	165	165	165	165	165
145	160	160	165	165	165	165	165	165
145	160	160	165	165	165	165	165	165
145	160	160	165	165	165	165	165	165
145	160	160	165	165	165	165	165	165
145	160	160	165	165	165	165	165	165
145	160	160	165	165	165	165	165	165
145	160	160	165	165	165	165	165	165
145	160	160	165	165	165	165	165	210
145	160	160	165	165	165	165	165	210
145	160	160	165	165	165	165	165	210
145	160	160	165	165	165	165	165	210
145	160	160	165	165	165	165	165	210
145	160	160	165	165	215	215	215	215
145	160	160	165	165	215	215	215	215
145	160	160	165	165	215	215	215	215
145	160	160	165	165	215	215	215	215
145	160	160	165	165	215	215	215	215
145	160	160	165	165	215	220	220	220
145	160	160	165	165	215	220	220	220
145	160	160	165	165	215	220	220	220
145	160	160	165	165	215	220	220	220
145	160	160	165	165	215	220	220	220
145	160	160	165	165	215	225	225	225
145	160	160	165	165	215	225	225	225
145	160	160	165	165	215	225	225	225
145	160	160	165	165	215	225	225	225
145	160	160	165	165	215	225	225	225
145	160	160	165	165	215	225	225	225
145	160	160	165	165	215	225	225	225
145	160	160	165	165	215	225	225	225
145	160	160	165	165	215	225	225	225
145	160	160	165	165	215	225	225	225
145	160	160	165	165	215	225	225	225
145	160	160	165	165	215	225	225	225
145	160	160	165	165	215	225	225	225
145	160	160	165	165	215	225	225	225
145	160	160	165	165	215	225	225	225
145	160	160	165	165	215	225	225	225
145	160	160	165	165	215	225	225	225
145	160	160	165	165	215	225	225	225
145	160	160	165	165	215	225	225	225
145	160	160	165	165	215	225	225	225
145	160	160	165	165	215	225	225	225
145	160	160	165	165	215	225	225	225
145	160	160	165	165	215	225	225	225
145	160	160	165	165	215	225	225	225
145	160	160	165	165	215	225	225	225
145	160	250	250	250	250	250	250	250
145	160	250	250	250	250	250	250	250
145	160	250	250	250	250	250	250	250
145	160	250	250	250	250	250	250	250
145	160	250	250	250	250	250	250	250
145	160	250	250	250	255	255	255	255
145	160	250	250	250	255	255	255	255
145	160	250	250	250	255	255	255	255
145	160	250	250	250	255	255	255	255
145	160	250	250	250	255	255	255	255
145	160	250	250	250	255	260	260	260
145	160	250	250	250	255	260	260	260
145	160	250	250	250	255	260	260	260
145	160	250	250	250	255	260	260	260
145	160	250	250	250	255	260	260	260
145	160	265	265	265	265	265	265	265
145	160	265	265	265	265	265	265	265
145	160	265	265	265	265	265	265	265
145	160	265	265	265	265	265	265	265
145	160	265	265	265	265	265	265	265
145	160	265	270	270	270	270	270	270
145	160	265	270	270	270	270	270	270
145	160	265	270	270	270	270	270	270
145	160	265	270	270	270	270	270	270
145	160	265	270	270	270	270	270	270
145	160	265	270	270	275	275	275	275
145	160	265	270	270	275	275	275	275
145	160	265	270	270	275	275	275	275
145	160	265	270	270	275	275	275	275
145	160	265	270	270	275	275	275	275
145	160	265	270	270	275	280	280	280
145	160	265	270	270	275	280	280	280
145	160	265	270	270	275	280	280	280
145	160	265	270	270	275	280	280	280
145	160	265	270	270	275	280	280	280
145	160	265	270	285	285	285	285	285
145	160	265	270	285	285	285	285	285
145	160	265	270	285	285	285	285	285
145	160	265	270	285	285	285	285	285
145	160	265	270	285	285	285	285	285
145	160	265	270	285	285	285	285	285
145	160	265	270	285	285	285	285	285
145	160	265	270	285	285	285	285	285
145	160	265	270	285	285	285	285	285
145	160	265	270	285	285	285	285	285
145	160	265	270	285	285	285	285	285
145	160	265	270	285	285	285	285	285
145	160	265	270	285	285	285	285	285
145	160	265	270	285	285	285	285	285
145	160	265	270	285	285	285	285	285
145	160	265	270	285	285	285	285	285
145	160	265	270	285	285	285	285	285
145	160	265	270	285	285	285	285	285
145	160	265	270	285	285	285	285	285
145	160	265	270	285	285	285	285	285
145	305	305	305	305	305	305	305	305
145	305	305	305	305	305	305	305	305
145	305	305	305	305	305	305	305	305
145	305	305	305	305	305	305	305	305
145	305	305	305	305	305	305	305	305
145	305	305	310	310	310	310	310	310
145	305	305	310	310	310	310	310	310
145	305	305	310	310	310	310	310	310
145	305	305	310	310	310	310	310	310
145	305	305	310	310	310	310	310	310
145	305	305	310	310	310	310	310	315
145	305	305	310	310	310	310	310	315
145	305	305	310	310	310	310	310	315
145	305	305	310	310	310	310	310	315
145	305	305	310	310	310	310	310	315
145	305	305	310	310	310	310	310	320
145	305	305	310	310	310	310	310	320
145	305	305	310	310	310	310	310	320
145	305	305	310	310	310	310	310	320
145	305	305	310	310	310	310	310	320
145	305	305	325	325	325	325	325	325
145	305	305	325	325	325	325	325	325
145	305	305	325	325	325	325	325	325
145	305	305	325	325	325	325	325	325
145	305	305	325	325	325	325	325	325
145	305	305	325	325	325	330	330	330
145	305	305	325	325	325	330	330	330
145	305	305	325	325	325	330	330	330
145	305	305	325	325	325	330	330	330
145	305	305	325	325	325	330	330	330
145	305	305	325	325	325	330	330	330
145	305	305	325	325	325	330	330	330
145	305	305	325	325	325	330	330	330
145	305	305	325	325	325	330	330	330
145	305	305	325	325	325	330	330	330
145	305	305	325	325	325	330	330	330
145	305	305	325	325	325	330	330	330
145	305	305	325	325	325	330	330	330
145	305	305	325	325	325	330	330	330
145	305	305	325	325	325	330	330	330
145	305	305	325	325	325	330	330	330
145	305	305	325	325	325	330	330	330
145	305	305	325	325	325	330	330	330
145	305	305	325	325	325	330	330	330
145	305	305	325	325	325	330	330	330
145	305	305	325	325	325	330	330	330
145	305	305	325	325	325	330	330	330
145	305	305	325	325	325	330	330	330
145	305	305	325	325	325	330	330	330
145	305	305	325	325	325	330	330	330
145	305	305	325	325	325	330	355	355
145	305	305	325	325	325	330	355	355
145	305	305	325	325	325	330	355	355
145	305	305	325	325	325	330	355	355
145	305	305	325	325	325	330	355	355
145	305	305	325	325	360	360	360	360
145	305	305	325	325	360	360	360	360
145	305	305	325	325	360	360	360	360
145	305	305	325	325	360	360	360	360
145	305	305	325	325	360	360	360	360
145	305	305	325	325	360	365	365	365
145	305	305	325	325	360	365	365	365
145	305	305	325	325	360	365	365	365
145	305	305	325	325	360	365	365	365
145	305	305	325	325	360	365	365	365
145	305	305	325	325	360	370	370	370
145	305	305	325	325	360	370	370	370
145	305	305	325	325	360	370	370	370
145	305	305	325	325	360	370	370	370
145	305	305	325	325	360	370	370	370
145	305	305	325	325	375	375	375	375
145	305	305	325	325	375	375	375	375
145	305	305	325	325	375	375	375	375
145	305	305	325	325	375	375	375	375
145	305	305	325	325	375	375	375	375
145	305	305	325	325	380	380	380	380
145	305	305	325	325	380	380	380	380
145	305	305	325	325	380	380	380	380
145	305	305	325	325	380	380	380	380
145	305	305	325	325	380	380	380	380
145	305	305	325	325	380	385	385	385
145	305	305	325	325	380	385	385	385
145	305	305	325	325	380	385	385	385
145	305	305	325	325	380	385	385	385
145	305	305	325	325	380	385	385	385
145	305	305	325	390	390	390	390	390
145	305	305	325	390	390	390	390	390
145	305	305	325	390	390	390	390	390
145	305	305	325	390	390	390	390	390
145	305	305	325	390	390	390	390	390
145	305	305	325	390	395	395	395	395
145	305	305	325	390	395	395	395	395
145	305	305	325	390	395	395	395	395
145	305	305	325	390	395	395	395	395
145	305	305	325	390	395	395	395	395
145	305	305	325	390	395	400	400	400
145	305	305	325	390	395	400	400	400
145	305	305	325	390	395	400	400	400
145	305	305	325	390	395	400	400	400
145	305	305	325	390	395	400	400	400
145	305	305	325	390	395	400	400	400
145	305	305	325	390	395	400	400	400
145	305	305	325	390	395	400	400	400
145	305	305	325	390	395	400	400	400
145	305	305	325	390	395	400	400	400
145	305	410	410	410	410	410	410	410
145	305	410	410	410	410	410	410	410
145	305	410	410	410	410	410	410	410
145	305	410	410	410	410	410	410	410
145	305	410	410	410	410	410	410	410
145	305	410	415	415	415	415	415	415
145	305	410	415	415	415	415	415	415
145	305	410	415	415	415	415	415	415
145	305	410	415	415	415	415	415	415
145	305	410	415	415	415	415	415	415
145	305	410	415	415	420	420	420	420
145	305	410	415	415	420	420	420	420
145	305	410	415	415	420	420	420	420
145	305	410	415	415	420	420	420	420
145	305	410	415	415	420	420	420	420
145	305	410	415	415	420	425	425	425
145	305	410	415	415	420	425	425	425
145	305	410	415	415	420	425	425	425
145	305	410	415	415	420	425	425	425
145	305	410	415	415	420	425	425	425
145	305	410	430	430	430	430	430	430
145	305	410	430	430	430	430	430	430
145	305	410	430	430	430	430	430	430
145	305	410	430	430	430	430	430	430
145	305	410	430	430	430	430	430	430
145	305	410	430	430	435	435	435	435
145	305	410	430	430	435	435	435	435
145	305	410	430	430	435	435	435	435
145	305	410	430	430	435	435	435	435
145	305	410	430	430	435	435	435	435
145	305	410	430	430	435	440	440	440
145	305	410	430	430	435	440	440	440
145	305	410	430	430	435	440	440	440
145	305	410	430	430	435	440	440	440
145	305	410	430	430	435	440	440	440
145	305	410	430	445	445	445	445	445
145	305	410	430	445	445	445	445	445
145	305	410	430	445	445	445	445	445
145	305	410	430	445	445	445	445	445
145	305	410	430	445	445	445	445	445
145	305	410	430	450	450	450	450	450
145	305	410	430	450	450	450	450	450
145	305	410	430	450	450	450	450	450
145	305	410	430	450	450	450	450	450
145	305	410	430	450	450	450	450	450
145	305	410	430	450	450	450	450	450
145	305	410	430	450	450	450	450	450
145	305	410	430	450	450	450	450	450
145	305	410	430	450	450	450	450	450
145	305	410	430	450	450	450	450	450
145	305	410	430	450	450	450	450	460
145	305	410	430	450	450	450	450	460
145	305	410	430	450	450	450	450	460
145	305	410	430	450	450	450	450	460
145	305	410	430	450	450	450	450	460
145	305	410	430	450	450	450	465	465
145	305	410	430	450	450	450	465	465
145	305	410	430	450	450	450	465	465
145	305	410	430	450	450	450	465	465
145	305	410	430	450	450	450	465	465
145	305	410	470	470	470	470	470	470
145	305	410	470	470	470	470	470	470
145	305	410	470	470	470	470	470	470
145	305	410	470	470	470	470	470	470
145	305	410	470	470	470	470	470	470
145	305	410	470	470	470	475	475	475
145	305	410	470	470	470	475	475	475
145	305	410	470	470	470	475	475	475
145	305	410	470	470	470	475	475	475
145	305	410	470	470	470	475	475	475
145	305	410	470	470	470	475	475	480
145	305	410	470	470	470	475	475	480
145	305	410	470	470	470	475	475	480
145	305	410	470	470	470	475	475	480
145	305	410	470	470	470	475	475	480
145	305	410	470	470	470	475	475	485
145	305	410	470	470	470	475	475	485
145	305	410	470	470	470	475	475	485
145	305	410	470	470	470	475	475	485
145	305	410	470	470	470	475	475	485
145	305	410	470	470	470	490	490	490
145	305	410	470	470	470	490	490	490
145	305	410	470	470	470	490	490	490
145	305	410	470	470	470	490	490	490
145	305	410	470	470	470	490	490	490
145	305	410	470	470	470	495	495	495
145	305	410	470	470	470	495	495	495
145	305	410	470	470	470	495	495	495
145	305	410	470	470	470	495	495	495
145	305	410	470	470	470	495	495	495
145	305	410	470	470	500	500	500	500
145	305	410	470	470	500	500	500	500
145	305	410	470	470	500	500	500	500
145	305	410	470	470	500	500	500	500
145	305	410	470	470	500	500	500	500
145	305	410	470	470	500	505	505	505
145	305	410	470	470	500	505	505	505
145	305	410	470	470	500	505	505	505
145	305	410	470	470	500	505	505	505
145	305	410	470	470	500	505	505	505
145	305	410	470	470	500	510	510	510
145	305	410	470	470	500	510	510	510
145	305	410	470	470	500	510	510	510
145	305	410	470	470	500	510	510	510
145	305	410	470	470	500	510	510	510
145	305	410	470	470	500	510	515	515
145	305	410	470	470	500	510	515	515
145	305	410	470	470	500	510	515	515
145	305	410	470	470	500	510	515	515
145	305	410	470	470	500	510	515	515
145	305	410	470	470	520	520	520	520
145	305	410	470	470	520	520	520	520
145	305	410	470	470	520	520	520	520
145	305	410	470	470	520	520	520	520
145	305	410	470	470	520	520	520	520
145	305	410	470	470	525	525	525	525
145	305	410	470	470	525	525	525	525
145	305	410	470	470	525	525	525	525
145	305	410	470	470	525	525	525	525
145	305	410	470	470	525	525	525	525
145	305	410	470	470	525	530	530	530
145	305	410	470	470	525	530	530	530
145	305	410	470	470	525	530	530	530
145	305	410	470	470	525	530	530	530
145	305	410	470	470	525	530	530	530
145	305	410	470	535	535	535	535	535
145	305	410	470	535	535	535	535	535
145	305	410	470	535	535	535	535	535
145	305	410	470	535	535	535	535	535
145	305	410	470	535	535	535	535	535
145	305	410	470	535	540	540	540	540
145	305	410	470	535	540	540	540	540
145	305	410	470	535	540	540	540	540
145	305	410	470	535	540	540	540	540
145	305	410	470	535	540	540	540	540
145	305	410	470	535	540	545	545	545
145	305	410	470	535	540	545	545	545
145	305	410	470	535	540	545	545	545
145	305	410	470	535	540	545	545	545
145	305	410	470	535	540	545	545	545
145	305	410	470	550	550	550	550	550
145	305	410	470	550	550	550	550	550
145	305	410	470	550	550	550	550	550
145	305	410	470	550	550	550	550	550
145	305	410	470	550	550	550	550	550
145	305	410	470	555	555	555	555	555
145	305	410	470	555	555	555	555	555
145	305	410	470	555	555	555	555	555
145	305	410	470	555	555	555	555	555
145	305	410	470	555	555	555	555	555
145	305	410	470	555	560	560	560	560
145	305	410	470	555	560	560	560	560
145	305	410	470	555	560	560	560	560
145	305	410	470	555	560	560	560	560
145	305	410	470	555	560	560	560	560
145	305	410	470	555	560	565	565	565
145	305	410	470	555	560	565	565	565
145	305	410	470	555	560	565	565	565
145	305	410	470	555	560	565	565	565
145	305	410	470	555	560	565	565	565
145	305	410	470	555	560	565	565	570
145	305	410	470	555	560	565	565	570
145	305	410	470	555	560	565	565	570
145	305	410	470	555	560	565	565	570
145	305	410	470	555	560	565	565	570
145	305	410	575	575	575	575	575	575
145	305	410	575	575	575	575	575	575
145	305	410	575	575	575	575	575	575
145	305	410	575	575	575	575	575	575
145	305	410	575	575	575	575	575	575
145	305	410	575	575	580	580	580	580
145	305	410	575	575	580	580	580	580
145	305	410	575	575	580	580	580	580
145	305	410	575	575	580	580	580	580
145	305	410	575	575	580	580	580	580
145	305	410	575	575	580	585	585	585
145	305	410	575	575	580	585	585	585
145	305	410	575	575	580	585	585	585
145	305	410	575	575	580	585	585	585
145	305	410	575	575	580	585	585	585
145	305	410	575	590	590	590	590	590
145	305	410	575	590	590	590	590	590
145	305	410	575	590	590	590	590	590
145	305	410	575	590	590	590	590	590
145	305	410	575	590	590	590	590	590
145	305	410	575	595	595	595	595	595
145	305	410	575	595	595	595	595	595
145	305	410	575	595	595	595	595	595
145	305	410	575	595	595	595	595	595
145	305	410	575	595	595	595	595	595
145	305	410	575	595	595	595	595	600
145	305	410	575	595	595	595	595	600
145	305	410	575	595	595	595	595	600
145	305	410	575	595	595	595	595	600
145	305	410	575	595	595	595	595	600
145	305	410	575	595	595	595	595	605
145	305	410	575	595	595	595	595	605
145	305	410	575	595	595	595	595	605
145	305	410	575	595	595	595	595	605
145	305	410	575	595	595	595	595	605
145	305	410	575	610	610	610	610	610
145	305	410	575	610	610	610	610	610
145	305	410	575	610	610	610	610	610
145	305	410	575	610	610	610	610	610
145	305	410	575	610	610	610	610	610
145	305	410	575	610	610	615	615	615
145	305	410	575	610	610	615	615	615
145	305	410	575	610	610	615	615	615
145	305	410	575	610	610	615	615	615
145	305	410	575	610	610	615	615	615
145	305	410	575	610	610	615	620	620
145	305	410	575	610	610	615	620	620
145	305	410	575	610	610	615	620	620
145	305	410	575	610	610	615	620	620
145	305	410	575	610	610	615	620	620
145	305	410	575	610	610	615	625	625
145	305	410	575	610	610	615	625	625
145	305	410	575	610	610	615	625	625
145	305	410	575	610	610	615	625	625
145	305	410	575	610	610	615	625	625
145	305	410	575	610	610	615	630	630
145	305	410	575	610	610	615	630	630
145	305	410	575	610	610	615	630	630
145	305	410	575	610	610	615	630	630
145	305	410	575	610	610	615	630	630
145	305	410	575	610	610	635	635	635
145	305	410	575	610	610	635	635	635
145	305	410	575	610	610	635	635	635
145	305	410	575	610	610	635	635	635
145	305	410	575	610	610	635	635	635
145	305	410	575	610	610	640	640	640
145	305	410	575	610	610	640	640	640
145	305	410	575	610	610	640	640	640
145	305	410	575	610	610	640	640	640
145	305	410	575	610	610	640	640	640
145	305	410	575	610	645	645	645	645
145	305	410	575	610	645	645	645	645
145	305	410	575	610	645	645	645	645
145	305	410	575	610	645	645	645	645
145	305	410	575	610	645	645	645	645
145	305	410	575	610	645	650	650	650
145	305	410	575	610	645	650	650	650
145	305	410	575	610	645	650	650	650
145	305	410	575	610	645	650	650	650
145	305	410	575	610	645	650	650	650
145	305	410	575	610	645	655	655	655
145	305	410	575	610	645	655	655	655
145	305	410	575	610	645	655	655	655
145	305	410	575	610	645	655	655	655
145	305	410	575	610	645	655	655	655
145	305	410	575	610	660	660	660	660
145	305	410	575	610	660	660	660	660
145	305	410	575	610	660	660	660	660
145	305	410	575	610	660	660	660	660
145	305	410	575	610	660	660	660	660
145	305	410	575	610	665	665	665	665
145	305	410	575	610	665	665	665	665
145	305	410	575	610	665	665	665	665
145	305	410	575	610	665	665	665	665
145	305	410	575	610	665	665	665	665
145	305	410	575	610	665	670	670	670
145	305	410	575	610	665	670	670	670
145	305	410	575	610	665	670	670	670
145	305	410	575	610	665	670	670	670
145	305	410	575	610	665	670	670	670
145	305	410	575	610	665	675	675	675
145	305	410	575	610	665	675	675	675
145	305	410	575	610	665	675	675	675
145	305	410	575	610	665	675	675	675
145	305	410	575	610	665	675	675	675
145	305	410	575	610	665	675	680	680
145	305	410	575	610	665	675	680	680
145	305	410	575	610	665	675	680	680
145	305	410	575	610	665	675	680	680
145	305	410	575	610	665	675	680	680
145	305	410	575	610	685	685	685	685
145	305	410	575	610	685	685	685	685
145	305	410	575	610	685	685	685	685
145	305	410	575	610	685	685	685	685
145	305	410	575	610	685	685	685	685
145	305	410	575	610	685	690	690	690
145	305	410	575	610	685	690	690	690
145	305	410	575	610	685	690	690	690
145	305	410	575	610	685	690	690	690
145	305	410	575	610	685	690	690	690
145	305	410	575	695	695	695	695	695
145	305	410	575	695	695	695	695	695
145	305	410	575	695	695	695	695	695
145	305	410	575	695	695	695	695	695
145	305	410	575	695	695	695	695	695
145	305	410	575	700	700	700	700	700
145	305	410	575	700	700	700	700	700
145	305	410	575	700	700	700	700	700
145	305	410	575	700	700	700	700	700
145	305	410	575	700	700	700	700	700
145	305	410	575	700	705	705	705	705
145	305	410	575	700	705	705	705	705
145	305	410	575	700	705	705	705	705
145	305	410	575	700	705	705	705	705
145	305	410	575	700	705	705	705	705
145	305	410	575	700	705	710	710	710
145	305	410	575	700	705	710	710	710
145	305	410	575	700	705	710	710	710
145	305	410	575	700	705	710	710	710
145	305	410	575	700	705	710	710	710
145	305	410	575	715	715	715	715	715
145	305	410	575	715	715	715	715	715
145	305	410	575	715	715	715	715	715
145	305	410	575	715	715	715	715	715
145	305	410	575	715	715	715	715	715
145	305	410	575	715	720	720	720	720
145	305	410	575	715	720	720	720	720
145	305	410	575	715	720	720	720	720
145	305	410	575	715	720	720	720	720
145	305	410	575	715	720	720	720	720
145	305	410	575	715	720	725	725	725
145	305	410	575	715	720	725	725	725
145	305	410	575	715	720	725	725	725
145	305	410	575	715	720	725	725	725
145	305	410	575	715	720	725	725	725
145	305	410	575	715	720	725	725	730
145	305	410	575	715	720	725	725	730
145	305	410	575	715	720	725	725	730
145	305	410	575	715	720	725	725	730
145	305	410	575	715	720	725	725	730
145	305	410	575	715	720	725	725	735
145	305	410	575	715	720	725	725	735
145	305	410	575	715	720	725	725	735
145	305	410	575	715	720	725	725	735
145	305	410	575	715	720	725	725	735
145	305	410	575	715	720	725	740	740
145	305	410	575	715	720	725	740	740
145	305	410	575	715	720	725	740	740
145	305	410	575	715	720	725	740	740
145	305	410	575	715	720	725	740	740
145	305	410	575	715	720	725	745	745
145	305	410	575	715	720	725	745	745
145	305	410	575	715	720	725	745	745
145	305	410	575	715	720	725	745	745
145	305	410	575	715	720	725	745	745
145	305	410	575	715	720	725	750	750
145	305	410	575	715	720	725	750	750
145	305	410	575	715	720	725	750	750
145	305	410	575	715	720	725	750	750
145	305	410	575	715	720	725	750	750
145	305	410	575	755	755	755	755	755
145	305	410	575	755	755	755	755	755
145	305	410	575	755	755	755	755	755
145	305	410	575	755	755	755	755	755
145	305	410	575	755	755	755	755	755
145	305	410	575	755	755	760	760	760
145	305	410	575	755	755	760	760	760
145	305	410	575	755	755	760	760	760
145	305	410	575	755	755	760	760	760
145	305	410	575	755	755	760	760	760
145	305	410	575	755	755	760	760	765
145	305	410	575	755	755	760	760	765
145	305	410	575	755	755	760	760	765
145	305	410	575	755	755	760	760	765
145	305	410	575	755	755	760	760	765
145	305	410	575	755	755	760	770	770
145	305	410	575	755	755	760	770	770
145	305	410	575	755	755	760	770	770
145	305	410	575	755	755	760	770	770
145	305	410	575	755	755	760	770	770
145	305	410	575	755	755	775	775	775
145	305	410	575	755	755	775	775	775
145	305	410	575	755	755	775	775	775
145	305	410	575	755	755	775	775	775
145	305	410	575	755	755	775	775	775
145	305	410	575	755	755	780	780	780
145	305	410	575	755	755	780	780	780
145	305	410	575	755	755	780	780	780
145	305	410	575	755	755	780	780	780
145	305	410	575	755	755	780	780	780
145	305	410	575	755	755	780	785	785
145	305	410	575	755	755	780	785	785
145	305	410	575	755	755	780	785	785
145	305	410	575	755	755	780	785	785
145	305	410	575	755	755	780	785	785
145	305	410	575	755	755	780	790	790
145	305	410	575	755	755	780	790	790
145	305	410	575	755	755	780	790	790
145	305	410	575	755	755	780	790	790
145	305	410	575	755	755	780	790	790
145	305	410	575	755	755	780	795	795
145	305	410	575	755	755	780	795	795
145	305	410	575	755	755	780	795	795
145	305	410	575	755	755	780	795	795
145	305	410	575	755	755	780	795	795
145	305	410	575	755	755	800	800	800
145	305	410	575	755	755	800	800	800
145	305	410	575	755	755	800	800	800
145	305	410	575	755	755	800	800	800
145	305	410	575	755	755	800	800	800
145	305	410	575	755	805	805	805	805
145	305	410	575	755	805	805	805	805
145	305	410	575	755	805	805	805	805
145	305	410	575	755	805	805	805	805
145	305	410	575	755	805	805	805	805
145	305	410	575	755	810	810	810	810
145	305	410	575	755	810	810	810	810
145	305	410	575	755	810	810	810	810
145	305	410	575	755	810	810	810	810
145	305	410	575	755	810	810	810	810
145	305	410	575	755	810	815	815	815
145	305	410	575	755	810	815	815	815
145	305	410	575	755	810	815	815	815
145	305	410	575	755	810	815	815	815
145	305	410	575	755	810	815	815	815
145	305	410	575	755	810	820	820	820
145	305	410	575	755	810	820	820	820
145	305	410	575	755	810	820	820	820
145	305	410	575	755	810	820	820	820
145	305	410	575	755	810	820	820	820
145	305	410	575	755	825	825	825	825
145	305	410	575	755	825	825	825	825
145	305	410	575	755	825	825	825	825
145	305	410	575	755	825	825	825	825
145	305	410	575	755	825	825	825	825
145	305	410	575	755	825	830	830	830
145	305	410	575	755	825	830	830	830
145	305	410	575	755	825	830	830	830
145	305	410	575	755	825	830	830	830
145	305	410	575	755	825	830	830	830
145	305	410	575	755	825	835	835	835
145	305	410	575	755	825	835	835	835
145	305	410	575	755	825	835	835	835
145	305	410	575	755	825	835	835	835
145	305	410	575	755	825	835	835	835
145	305	410	575	755	825	835	840	840
145	305	410	575	755	825	835	840	840
145	305	410	575	755	825	835	840	840
145	305	410	575	755	825	835	840	840
145	305	410	575	755	825	835	840	840
145	305	410	575	755	825	835	845	845
145	305	410	575	755	825	835	845	845
145	305	410	575	755	825	835	845	845
145	305	410	575	755	825	835	845	845
145	305	410	575	755	825	835	845	845
145	305	410	575	755	825	835	845	850
145	305	410	575	755	825	835	845	850
145	305	410	575	755	825	835	845	850
145	305	410	575	755	825	835	845	850
145	305	410	575	755	825	835	845	850
145	305	410	575	755	825	835	845	855
145	305	410	575	755	825	835	845	855
145	305	410	575	755	825	835	845	855
145	305	410	575	755	825	835	845	855
145	305	410	575	755	825	835	845	855
145	305	410	575	860	860	860	860	860
145	305	410	575	860	860	860	860	860
145	305	410	575	860	860	860	860	860
145	305	410	575	860	860	860	860	860
145	305	410	575	860	860	860	860	860
145	305	410	575	860	865	865	865	865
145	305	410	575	860	865	865	865	865
145	305	410	575	860	865	865	865	865
145	305	410	575	860	865	865	865	865
145	305	410	575	860	865	865	865	865
145	305	410	575	860	865	870	870	870
145	305	410	575	860	865	870	870	870
145	305	410	575	860	865	870	870	870
145	305	410	575	860	865	870	870	870
145	305	410	575	860	865	870	870	870
145	305	410	575	860	865	870	870	875
145	305	410	575	860	865	870	870	875
145	305	410	575	860	865	870	870	875
145	305	410	575	860	865	870	870	875
145	305	410	575	860	865	870	870	875
145	305	410	575	860	865	870	870	880
145	305	410	575	860	865	870	870	880
145	305	410	575	860	865	870	870	880
145	305	410	575	860	865	870	870	880
145	305	410	575	860	865	870	870	880
145	305	410	575	860	865	870	885	885
145	305	410	575	860	865	870	885	885
145	305	410	575	860	865	870	885	885
145	305	410	575	860	865	870	885	885
145	305	410	575	860	865	870	885	885
145	305	410	575	860	865	870	890	890
145	305	410	575	860	865	870	890	890
145	305	410	575	860	865	870	890	890
145	305	410	575	860	865	870	890	890
145	305	410	575	860	865	870	890	890
145	305	410	575	860	865	870	895	895
145	305	410	575	860	865	870	895	895
145	305	410	575	860	865	870	895	895
145	305	410	575	860	865	870	895	895
145	305	410	575	860	865	870	895	895
145	305	410	575	860	865	870	900	900
145	305	410	575	860	865	870	900	900
145	305	410	575	860	865	870	900	900
145	305	410	575	860	865	870	900	900
145	305	410	575	860	865	870	900	900
145	305	410	575	860	865	870	905	905
145	305	410	575	860	865	870	905	905
145	305	410	575	860	865	870	905	905
145	305	410	575	860	865	870	905	905
145	305	410	575	860	865	870	905	905
145	305	410	575	860	865	870	910	910
145	305	410	575	860	865	870	910	910
145	305	410	575	860	865	870	910	910
145	305	410	575	860	865	870	910	910
145	305	410	575	860	865	870	910	910
145	305	410	575	860	865	870	915	915
145	305	410	575	860	865	870	915	915
145	305	410	575	860	865	870	915	915
145	305	410	575	860	865	870	915	915
145	305	410	575	860	865	870	915	915
145	305	410	575	860	865	920	920	920
145	305	410	575	860	865	920	920	920
145	305	410	575	860	865	920	920	920
145	305	410	575	860	865	920	920	920
145	305	410	575	860	865	920	920	920
145	305	410	575	860	865	925	925	925
145	305	410	575	860	865	925	925	925
145	305	410	575	860	865	925	925	925
145	305	410	575	860	865	925	925	925
145	305	410	575	860	865	925	925	925
145	305	410	575	860	865	925	925	930
145	305	410	575	860	865	925	925	930
145	305	410	575	860	865	925	925	930
145	305	410	575	860	865	925	925	930
145	305	410	575	860	865	925	925	930
145	305	410	575	860	865	925	935	935
145	305	410	575	860	865	925	935	935
145	305	410	575	860	865	925	935	935
145	305	410	575	860	865	925	935	935
145	305	410	575	860	865	925	935	935
145	305	410	575	860	865	940	940	940
145	305	410	575	860	865	940	940	940
145	305	410	575	860	865	940	940	940
145	305	410	575	860	865	940	940	940
145	305	410	575	860	865	940	940	940
145	305	410	575	860	865	940	945	945
145	305	410	575	860	865	940	945	945
145	305	410	575	860	865	940	945	945
145	305	410	575	860	865	940	945	945
145	305	410	575	860	865	940	945	945
145	305	410	575	860	865	940	950	950
145	305	410	575	860	865	940	950	950
145	305	410	575	860	865	940	950	950
145	305	410	575	860	865	940	950	950
145	305	410	575	860	865	940	950	950
145	305	410	575	860	865	940	955	955
145	305	410	575	860	865	940	955	955
145	305	410	575	860	865	940	955	955
145	305	410	575	860	865	940	955	955
145	305	410	575	860	865	940	955	955
145	305	410	575	860	865	940	960	960
145	305	410	575	860	865	940	960	960
145	305	410	575	860	865	940	960	960
145	305	410	575	860	865	940	960	960
145	305	410	575	860	865	940	960	960
145	305	410	575	860	865	940	965	965
145	305	410	575	860	865	940	965	965
145	305	410	575	860	865	940	965	965
145	305	410	575	860	865	940	965	965
145	305	410	575	860	865	940	965	965
145	305	410	575	860	970	970	970	970
145	305	410	575	860	970	970	970	970
145	305	410	575	860	970	970	970	970
145	305	410	575	860	970	970	970	970
145	305	410	575	860	970	970	970	970
145	305	410	575	860	970	975	975	975
145	305	410	575	860	970	975	975	975
145	305	410	575	860	970	975	975	975
145	305	410	575	860	970	975	975	975
145	305	410	575	860	970	975	975	975
145	305	410	575	860	970	980	980	980
145	305	410	575	860	970	980	980	980
145	305	410	575	860	970	980	980	980
145	305	410	575	860	970	980	980	980
145	305	410	575	860	970	980	980	980
145	305	410	575	860	970	980	980	985
145	305	410	575	860	970	980	980	985
145	305	410	575	860	970	980	980	985
145	305	410	575	860	970	980	980	985
145	305	410	575	860	970	980	980	985
145	305	410	575	860	970	980	980	990
145	305	410	575	860	970	980	980	990
145	305	410	575	860	970	980	980	990
145	305	410	575	860	970	980	980	990
145	305	410	575	860	970	980	980	990
145	305	410	575	860	970	980	980	995
145	305	410	575	860	970	980	980	995
145	305	410	575	860	970	980	980	995
145	305	410	575	860	970	980	980	995
145	305	410	575	860	970	980	980	995
145	305	410	575	860	970	980	980	1000
145	305	410	575	860	970	980	980	1000
145	305	410	575	860	970	980	980	1000
145	305	410	575	860	970	980	980	1000
145	305	410	575	860	970	980	980	1000
145	305	410	575	860	970	980	1005	1005
145	305	410	575	860	970	980	1005	1005
145	305	410	575	860	970	980	1005	1005
145	305	410	575	860	970	980	1005	1005
145	305	410	575	860	970	980	1005	1005
145	305	410	575	860	970	980	1010	1010
145	305	410	575	860	970	980	1010	1010
145	305	410	575	860	970	980	1010	1010
145	305	410	575	860	970	980	1010	1010
145	305	410	575	860	970	980	1010	1010
145	305	410	575	860	970	980	1010	1015
145	305	410	575	860	970	980	1010	1015
145	305	410	575	860	970	980	1010	1015
145	305	410	575	860	970	980	1010	1015
145	305	410	575	860	970	980	1010	1015
145	305	410	575	860	970	980	1010	1020
145	305	410	575	860	970	980	1010	1020
145	305	410	575	860	970	980	1010	1020
145	305	410	575	860	970	980	1010	1020
145	305	410	575	860	970	980	1010	1020
145	305	410	575	860	970	980	1025	1025
145	305	410	575	860	970	980	1025	1025
145	305	410	575	860	970	980	1025	1025
145	305	410	575	860	970	980	1025	1025
145	305	410	575	860	970	980	1025	1025
145	305	410	575	860	970	980	1030	1030
145	305	410	575	860	970	980	1030	1030
145	305	410	575	860	970	980	1030	1030
145	305	410	575	860	970	980	1030	1030
145	305	410	575	860	970	980	1030	1030
145	305	410	575	860	970	980	1030	1035
145	305	410	575	860	970	980	1030	1035
145	305	410	575	860	970	980	1030	1035
145	305	410	575	860	970	980	1030	1035
145	305	410	575	860	970	980	1030	1035
145	305	410	575	860	970	980	1030	1040
145	305	410	575	860	970	980	1030	1040
145	305	410	575	860	970	980	1030	1040
145	305	410	575	860	970	980	1030	1040
145	305	410	575	860	970	980	1030	1040
145	305	410	575	860	970	980	1030	1045
145	305	410	575	860	970	980	1030	1045
145	305	410	575	860	970	980	1030	1045
145	305	410	575	860	970	980	1030	1045
145	305	410	575	860	970	980	1030	1045
145	305	410	575	860	970	980	1050	1050
145	305	410	575	860	970	980	1050	1050
145	305	410	575	860	970	980	1050	1050
145	305	410	575	860	970	980	1050	1050
145	305	410	575	860	970	980	1050	1050
145	305	410	575	860	970	980	1055	1055
145	305	410	575	860	970	980	1055	1055
145	305	410	575	860	970	980	1055	1055
145	305	410	575	860	970	980	1055	1055
145	305	410	575	860	970	980	1055	1055
145	305	410	575	860	970	980	1060	1060
145	305	410	575	860	970	980	1060	1060
145	305	410	575	860	970	980	1060	1060
145	305	410	575	860	970	980	1060	1060
145	305	410	575	860	970	980	1060	1060
145	305	410	575	860	970	980	1065	1065
145	305	410	575	860	970	980	1065	1065
145	305	410	575	860	970	980	1065	1065
145	305	410	575	860	970	980	1065	1065
145	305	410	575	860	970	980	1065	1065
145	305	410	575	860	970	980	1070	1070
145	305	410	575	860	970	980	1070	1070
145	305	410	575	860	970	980	1070	1070
145	305	410	575	860	970	980	1070	1070
145	305	410	575	860	970	980	1070	1070
145	305	410	575	860	970	980	1075	1075
145	305	410	575	860	970	980	1075	1075
145	305	410	575	860	970	980	1075	1075
145	305	410	575	860	970	980	1075	1075
145	305	410	575	860	970	980	1075	1075
145	305	410	575	860	970	980	1080	1080
145	305	410	575	860	970	980	1080	1080
145	305	410	575	860	970	980	1080	1080
145	305	410	575	860	970	980	1080	1080
145	305	410	575	860	970	980	1080	1080
145	305	410	575	860	970	1085	1085	1085
145	305	410	575	860	970	1085	1085	1085
145	305	410	575	860	970	1085	1085	1085
145	305	410	575	860	970	1085	1085	1085
145	305	410	575	860	970	1085	1085	1085
145	305	410	575	860	970	1085	1085	1085
145	305	410	575	860	970	1085	1085	1085
145	305	410	575	860	970	1085	1085	1085
145	305	410	575	860	970	1085	1085	1085
145	305	410	575	860	970	1085	1085	1085
145	305	410	575	860	970	1085	1085	1095
145	305	410	575	860	970	1085	1085	1095
145	305	410	575	860	970	1085	1085	1095
145	305	410	575	860	970	1085	1085	1095
145	305	410	575	860	970	1085	1085	1095
145	305	410	575	860	970	1085	1085	1100
145	305	410	575	860	970	1085	1085	1100
145	305	410	575	860	970	1085	1085	1100
145	305	410	575	860	970	1085	1085	1100
145	305	410	575	860	970	1085	1085	1100
145	305	410	575	860	970	1085	1085	1105
145	305	410	575	860	970	1085	1085	1105
145	305	410	575	860	970	1085	1085	1105
145	305	410	575	860	970	1085	1085	1105
145	305	410	575	860	970	1085	1085	1105
145	305	410	575	860	970	1085	1110	1110
145	305	410	575	860	970	1085	1110	1110
145	305	410	575	860	970	1085	1110	1110
145	305	410	575	860	970	1085	1110	1110
145	305	410	575	860	970	1085	1110	1110
145	305	410	575	860	970	1085	1115	1115
145	305	410	575	860	970	1085	1115	1115
145	305	410	575	860	970	1085	1115	1115
145	305	410	575	860	970	1085	1115	1115
145	305	410	575	860	970	1085	1115	1115
145	305	410	575	860	970	1085	1120	1120
145	305	410	575	860	970	1085	1120	1120
145	305	410	575	860	970	1085	1120	1120
145	305	410	575	860	970	1085	1120	1120
145	305	410	575	860	970	1085	1120	1120
145	305	410	575	860	970	1085	1120	1125
145	305	410	575	860	970	1085	1120	1125
145	305	410	575	860	970	1085	1120	1125
145	305	410	575	860	970	1085	1120	1125
145	305	410	575	860	970	1085	1120	1125
145	305	410	575	860	970	1085	1120	1130
145	305	410	575	860	970	1085	1120	1130
145	305	410	575	860	970	1085	1120	1130
145	305	410	575	860	970	1085	1120	1130
145	305	410	575	860	970	1085	1120	1130
145	305	410	575	860	970	1085	1120	1135
145	305	410	575	860	970	1085	1120	1135
145	305	410	575	860	970	1085	1120	1135
145	305	410	575	860	970	1085	1120	1135
145	305	410	575	860	970	1085	1120	1135
145	305	410	575	860	970	1085	1120	1135
145	305	410	575	860	970	1085	1120	1135
145	305	410	575	860	970	1085	1120	1135
145	305	410	575	860	970	1085	1120	1135
145	305	410	575	860	970	1085	1120	1135
145	305	410	575	860	970	1085	1120	1145
145	305	410	575	860	970	1085	1120	1145
145	305	410	575	860	970	1085	1120	1145
145	305	410	575	860	970	1085	1120	1145
145	305	410	575	860	970	1085	1120	1145
145	305	410	575	860	970	1085	1120	1150
145	305	410	575	860	970	1085	1120	1150
145	305	410	575	860	970	1085	1120	1150
145	305	410	575	860	970	1085	1120	1150
145	305	410	575	860	970	1085	1120	1150
145	305	410	575	860	970	1085	1120	1155
145	305	410	575	860	970	1085	1120	1155
145	305	410	575	860	970	1085	1120	1155
145	305	410	575	860	970	1085	1120	1155
145	305	410	575	860	970	1085	1120	1155
145	305	410	575	860	970	1085	1120	1160
145	305	410	575	860	970	1085	1120	1160
145	305	410	575	860	970	1085	1120	1160
145	305	410	575	860	970	1085	1120	1160
145	305	410	575	860	970	1085	1120	1160
145	305	410	575	860	970	1085	1120	1165
145	305	410	575	860	970	1085	1120	1165
145	305	410	575	860	970	1085	1120	1165
145	305	410	575	860	970	1085	1120	1165
145	305	410	575	860	970	1085	1120	1165
145	305	410	575	860	970	1085	1170	1170
145	305	410	575	860	970	1085	1170	1170
145	305	410	575	860	970	1085	1170	1170
145	305	410	575	860	970	1085	1170	1170
145	305	410	575	860	970	1085	1170	1170
145	305	410	575	860	970	1085	1175	1175
145	305	410	575	860	970	1085	1175	1175
145	305	410	575	860	970	1085	1175	1175
145	305	410	575	860	970	1085	1175	1175
145	305	410	575	860	970	1085	1175	1175
145	305	410	575	860	970	1085	1175	1180
145	305	410	575	860	970	1085	1175	1180
145	305	410	575	860	970	1085	1175	1180
145	305	410	575	860	970	1085	1175	1180
145	305	410	575	860	970	1085	1175	1180
145	305	410	575	860	970	1085	1175	1185
145	305	410	575	860	970	1085	1175	1185
145	305	410	575	860	970	1085	1175	1185
145	305	410	575	860	970	1085	1175	1185
145	305	410	575	860	970	1085	1175	1185
145	305	410	575	860	970	1085	1190	1190
145	305	410	575	860	970	1085	1190	1190
145	305	410	575	860	970	1085	1190	1190
145	305	410	575	860	970	1085	1190	1190
145	305	410	575	860	970	1085	1190	1190
145	305	410	575	860	970	1085	1190	1190
145	305	410	575	860	970	1085	1190	1190
145	305	410	575	860	970	1085	1190	1190
145	305	410	575	860	970	1085	1190	1190
145	305	410	575	860	970	1085	1190	1190
145	305	410	575	860	970	1085	1190	1190
145	305	410	575	860	970	1085	1190	1190
145	305	410	575	860	970	1085	1190	1190
145	305	410	575	860	970	1085	1190	1190
145	305	410	575	860	970	1085	1190	1190
145	305	410	575	860	970	1085	1190	1190
145	305	410	575	860	970	1085	1190	1190
145	305	410	575	860	970	1085	1190	1190
145	305	410	575	860	970	1085	1190	1190
145	305	410	575	860	970	1085	1190	1190
145	305	410	575	860	970	1085	1190	1190
145	305	410	575	860	970	1085	1190	1190
145	305	410	575	860	970	1085	1190	1190
145	305	410	575	860	970	1085	1190	1190
145	305	410	575	860	970	1085	1190	1190
145	305	410	575	860	970	1085	1190	1215
145	305	410	575	860	970	1085	1190	1215
145	305	410	575	860	970	1085	1190	1215
145	305	410	575	860	970	1085	1190	1215
145	305	410	575	860	970	1085	1190	1215
145	305	410	575	860	970	1085	1220	1220
145	305	410	575	860	970	1085	1220	1220
145	305	410	575	860	970	1085	1220	1220
145	305	410	575	860	970	1085	1220	1220
145	305	410	575	860	970	1085	1220	1220
145	305	410	575	860	970	1085	1225	1225
